Simple GEMM Result
767 988 744 984 929 748 943 876 862 921 1014 1017 908 1081 1002 794 887 926 711 793 772 1028 868 1108 1020 730 824 962 1010 1039 635 934 862 1047 1013 993 837 864 844 852 755 855 707 993 953 998 826 897 928 947 
740 916 917 1025 947 803 1007 1077 817 853 956 1078 950 1065 904 868 959 1034 888 945 872 1056 837 1120 1105 837 981 953 1058 989 750 871 932 931 1041 876 850 994 824 861 889 923 791 955 1066 1060 932 1063 1022 1012 
947 1050 889 1144 1209 948 1218 1084 983 1067 1238 1263 1093 1297 1093 1002 1067 1146 1010 1005 1058 1142 1020 1275 1239 897 1033 1101 1234 1219 1029 1130 1042 1126 1327 1031 1038 1102 952 1082 813 1090 948 1218 1160 1213 1043 1087 1033 1145 
904 966 851 1091 994 843 1109 1062 870 959 1092 1162 1017 1196 1051 972 976 1009 855 1096 954 1125 1049 1114 1099 707 979 1005 1274 1231 893 1025 944 1069 1171 956 1007 1044 1038 1069 842 934 1011 1090 1165 1184 951 1108 972 1020 
699 938 783 1111 1004 769 990 917 767 842 911 1055 826 978 875 804 820 848 824 888 726 1116 859 1088 1095 754 845 877 1089 958 811 928 815 932 1042 975 920 810 773 818 760 955 723 929 1056 1030 969 952 886 1001 
779 1011 777 1077 972 765 1073 881 916 1087 970 1151 901 1088 963 956 776 880 778 1031 788 1129 975 1139 1160 753 931 955 1082 1016 893 956 912 1024 1223 982 878 904 774 819 844 898 887 1040 1066 1170 858 966 1006 1062 
847 1036 934 1218 1121 780 1181 1030 969 975 1142 1267 895 1237 971 935 910 1064 724 1047 1005 1105 1067 1212 1163 865 1144 1024 1278 1147 1051 1118 1032 1056 1269 1038 1029 951 945 1061 977 1099 884 1116 1156 1109 995 1071 981 1010 
809 985 702 1051 999 787 952 931 835 1054 1068 1144 1025 1075 943 957 916 932 857 996 857 939 905 1014 1167 685 950 1021 1115 1064 719 794 934 901 1105 975 761 936 802 839 742 842 813 977 958 1131 896 1042 856 1051 
849 994 773 1018 1054 803 941 1053 884 1044 1039 957 1009 984 883 896 1003 1034 730 839 762 1034 860 927 1085 755 974 981 1010 1043 817 888 882 1012 1024 994 811 855 737 740 762 808 773 1020 932 1021 965 832 809 1082 
1028 1170 1030 1253 1195 1071 1192 1214 1052 1235 1319 1336 1167 1277 1170 1147 1100 1240 1000 1069 971 1310 1044 1311 1354 1013 1146 1227 1220 1306 981 1071 1287 1314 1270 1149 1150 1133 975 1070 905 1133 1013 1296 1300 1285 1106 1266 1284 1271 
864 1109 913 1178 1042 897 1052 1098 892 1154 1248 1296 1135 1162 967 1073 951 1127 963 1076 890 1152 903 1194 1230 903 1030 1083 1264 1061 906 875 1055 1148 1269 1100 951 974 859 898 913 1021 936 1107 1116 1259 1053 1181 1118 1260 
936 1131 989 1357 1219 875 1146 1245 1044 1134 1311 1201 1045 1294 1016 1089 1111 1207 995 1008 1043 1246 1068 1171 1238 978 1197 1075 1256 1209 943 1080 1051 1183 1331 1195 1002 1012 978 1030 899 1057 908 1179 1176 1188 1177 1078 1062 1157 
696 864 823 1031 991 704 1071 948 800 1017 960 1158 791 1027 812 864 954 815 734 1055 772 920 971 957 1015 729 958 812 1051 1010 906 836 917 909 1073 953 816 979 808 878 744 832 784 974 1038 980 939 918 826 998 
951 1100 872 1275 1172 809 1207 1012 965 1139 1150 1291 1043 1165 986 972 1022 1100 840 1084 1057 1120 997 1090 1255 928 1078 1086 1139 1188 951 1016 985 1094 1332 1096 894 959 925 923 938 873 930 1150 1031 1216 1069 979 958 1202 
1030 1051 1020 1214 1169 944 1230 1190 1068 1139 1242 1347 1153 1292 1120 1140 1123 1138 961 1150 918 1160 1114 1269 1215 997 1180 1128 1322 1312 1115 1018 1054 1221 1274 1162 1004 1204 954 1092 985 1119 960 1235 1277 1208 1143 1240 1131 1200 
805 1036 937 1023 1065 880 1154 1013 985 1015 1103 1184 965 1115 1044 985 1038 1036 888 1048 958 1025 1017 1134 1228 829 1064 1085 1076 1160 844 993 1063 1090 1169 973 921 1049 817 1060 880 1057 990 1162 1156 1087 1000 989 953 1017 
926 935 968 1063 1084 862 1206 1143 858 1168 1217 1164 1048 1102 1209 1069 1087 1029 852 1205 822 1197 1137 1216 1201 855 1048 1119 1151 1295 888 963 1103 1243 1161 1092 909 1047 928 1056 789 1023 946 1195 1183 1233 1002 1042 945 1139 
948 1066 840 1174 1150 790 1126 1107 979 1065 1099 1205 1012 1242 1015 1011 932 1106 916 1030 847 1116 970 1151 1273 945 1121 1015 1223 1081 981 910 936 1131 1204 1098 926 1028 844 875 869 1046 719 1025 1076 1123 1146 1026 1011 1133 
863 1031 927 1150 1190 815 1154 1094 990 1070 1130 1199 983 1196 902 973 987 1133 845 1101 967 1218 983 1201 1144 935 1101 1036 1200 1084 982 1031 952 1070 1231 1099 1032 984 868 898 998 1035 885 1126 1066 1123 1114 913 1085 1159 
918 1021 938 1157 1043 906 1095 1171 967 1018 1077 1147 1103 1107 976 1108 996 1125 825 1108 875 1146 1062 1094 1137 866 966 1068 1257 1222 886 984 1016 1121 1226 983 913 1044 998 1088 888 859 952 1108 1302 1221 995 1066 1041 1159 
979 1156 1028 1336 1248 998 1281 1151 1041 1107 1291 1310 1061 1238 1107 1138 1105 1163 895 1035 970 1265 1023 1247 1275 1013 1184 1245 1303 1185 1045 1150 1131 1257 1344 1232 1195 1142 1001 1070 961 1099 1024 1287 1291 1243 1210 1221 1213 1143 
884 849 895 1082 1147 776 1051 1104 838 942 1139 1073 942 1133 1054 908 924 1083 803 1057 978 1149 983 1145 1044 838 986 964 1136 1061 832 975 983 1106 1152 1059 941 874 914 1078 869 1081 840 1011 1051 1166 992 1034 917 1039 
878 1000 908 1053 1107 863 1062 1073 950 1086 1070 1184 1031 1180 1060 1020 1084 1082 863 1005 903 1168 959 1143 1154 849 956 1019 1122 1083 894 945 945 1050 1294 1050 930 1158 874 898 842 848 897 1110 1134 1145 1081 1066 1011 1172 
863 1042 916 1103 1071 892 1189 1054 1018 1071 1163 1213 1060 1120 991 953 1016 1079 868 1044 904 1223 945 1182 1140 914 1023 1145 1122 1134 951 1032 987 1044 1189 1140 885 1031 959 943 759 859 802 1060 1056 1149 1015 927 1038 1158 
797 920 787 1112 955 775 1063 878 900 900 1016 1101 839 1057 993 905 840 884 806 918 683 1091 868 1063 1031 813 934 981 1076 990 795 946 836 1035 1085 1021 990 876 822 908 801 1001 799 1040 1058 1039 1001 928 923 929 
906 972 837 1009 949 710 966 962 878 973 1013 1059 810 1041 887 948 905 1004 739 908 887 1171 872 1077 1026 869 1053 995 1046 1030 844 970 980 1168 1105 968 755 897 816 860 774 924 839 1060 1096 946 859 1003 982 974 
867 1127 982 1261 1067 815 1266 1087 1055 1110 1179 1289 856 1127 980 995 1097 1039 781 1014 927 1151 1040 1225 1255 950 1221 1111 1162 1138 978 1031 1103 1134 1258 1123 924 1088 858 903 971 985 859 1229 1223 1115 1067 1035 1034 1145 
1013 1007 839 1174 1186 849 1097 974 1017 1098 1168 1314 1032 1273 1140 1044 953 1005 938 1216 1016 1211 1097 1191 1232 768 1084 1040 1305 1255 985 1021 1022 1184 1279 1044 962 1060 962 1026 903 1069 1083 1142 1227 1256 981 1234 1004 1148 
870 940 952 1084 1006 910 1066 972 898 992 1138 1146 1028 1025 1067 925 936 1004 913 1002 877 1201 1015 1142 1081 864 964 1074 985 1194 838 995 1069 1105 1105 1078 902 846 819 1058 788 954 885 1114 1191 1130 917 976 1026 1119 
872 984 999 1178 1039 912 1119 1107 941 980 1086 1140 984 1151 1026 924 973 1096 795 972 934 1234 1043 1200 1044 797 1044 994 995 1062 867 1035 1098 1138 1229 1135 1085 878 874 1004 954 986 939 1141 1102 1130 1029 1048 1051 1056 
906 965 1042 1135 1124 928 1131 1109 907 1146 1058 1206 964 1252 1022 996 1050 1087 805 1023 918 1130 1053 1069 1286 879 981 1051 1144 1164 889 1007 1034 1059 1295 975 929 1012 945 978 833 956 929 1019 1082 1163 1090 986 1048 1152 
1040 1142 966 1303 1273 940 1238 1152 1135 1161 1283 1330 1128 1263 1166 1176 1155 1140 904 1181 974 1255 1181 1246 1240 985 1204 1215 1215 1229 1062 1083 1133 1305 1347 1338 1046 1151 1008 1118 973 999 973 1255 1276 1246 1215 1127 1040 1297 
830 947 966 1056 1061 842 1024 1081 883 1037 1089 1229 1006 1131 994 913 1029 1086 876 938 945 1259 997 1229 1065 877 972 962 1113 1061 869 931 1123 1076 1022 1029 1020 992 869 906 882 980 838 1084 1078 1093 1007 1174 1103 1104 
850 1047 923 1150 1034 871 1188 1121 1037 1089 1169 1271 1013 1168 1068 1043 1109 1065 926 1029 875 1126 1039 1256 1197 912 1103 1058 1244 1217 1036 963 1019 1040 1181 1131 1041 1160 967 995 892 1006 825 1206 1237 1163 1052 1117 1093 1139 
841 947 872 1064 1021 759 1032 1002 868 963 1140 1090 1009 1119 905 944 891 1055 823 898 880 891 776 954 1071 803 904 997 1020 1037 749 833 934 961 1097 968 803 968 816 884 801 829 791 934 979 1098 914 868 975 1025 
806 1005 832 1190 1047 784 1144 982 961 1084 974 1247 988 1177 1048 975 941 944 711 1043 746 996 1058 1162 1142 809 955 932 1167 1181 840 909 938 1025 1204 1016 834 946 892 907 922 903 780 1072 1090 1166 1007 996 857 1050 
848 1100 943 1178 1016 831 1114 964 910 1045 1111 1136 987 1145 1036 885 888 1097 790 1006 1007 1197 983 1156 1239 798 983 1026 1156 1185 881 1057 991 1113 1271 1061 1003 894 871 885 844 957 969 1158 1088 1184 990 952 1034 1052 
909 934 836 1017 972 894 979 1085 923 1016 1127 1228 971 1026 1008 928 1005 1066 861 997 1008 1197 1016 1119 1056 854 1011 1021 1143 1074 851 941 1021 1009 1139 1046 1097 928 849 1044 945 1050 1003 1102 1057 1142 947 1103 1053 1100 
868 1034 888 1108 1014 828 1127 1202 926 1098 1084 1232 996 1135 973 987 1158 1026 963 1011 944 1246 978 1122 1159 889 1049 1079 1224 980 860 1034 1005 1108 1182 1087 935 1071 838 862 839 942 990 1050 1097 1116 1047 1160 1070 1160 
911 870 933 942 1098 858 1138 1092 973 1065 943 1279 955 1174 1036 951 1045 1030 762 1113 877 1100 1018 1143 1099 855 1058 1011 1028 1030 887 963 1066 1093 1197 1110 899 985 804 875 805 941 944 1055 995 1090 969 1073 1036 1090 
830 1060 1002 1161 1176 976 1183 1092 1033 1135 1213 1273 1110 1218 1057 1101 1089 1145 932 1097 969 1212 1039 1294 1281 848 1159 1207 1170 1152 931 1019 1226 1102 1215 1107 939 1062 920 980 902 1066 961 1136 1207 1184 1067 1110 1047 1165 
907 1024 1015 1169 1131 868 1123 1058 965 1175 1213 1186 1023 1238 1184 1051 1035 992 904 921 953 1252 999 1243 1225 911 1045 1179 1082 1210 820 1066 1075 1272 1224 1124 916 1015 962 960 907 1033 971 1157 1136 1123 1010 1064 1220 1078 
1037 1078 1154 1322 1338 990 1272 1365 1036 1311 1306 1399 1157 1344 1217 1183 1236 1248 1041 1273 1105 1336 1206 1389 1401 1088 1261 1159 1340 1352 1033 1046 1306 1336 1347 1177 1100 1115 1070 1174 1094 1249 1058 1220 1336 1372 1184 1416 1298 1340 
1079 1174 1083 1325 1297 1060 1311 1314 1117 1215 1310 1320 1153 1342 1195 1153 1134 1187 881 1095 1013 1347 1155 1326 1340 918 1201 1295 1156 1248 1034 1164 1358 1350 1322 1346 1050 1160 1026 1048 909 1051 970 1259 1260 1255 1158 1155 1214 1305 
885 1073 944 1189 1188 867 1182 1196 980 1067 1128 1219 970 1139 991 990 1154 1128 802 991 992 1221 1017 1234 1260 938 1144 1116 1212 1194 938 1063 1109 1149 1168 1146 952 1032 908 925 882 1024 928 1208 1144 1098 1055 1098 1099 1164 
830 947 906 986 930 746 982 968 823 894 959 1143 887 1057 899 819 893 964 834 904 844 1031 870 1056 1075 810 875 915 1037 993 712 832 1026 1067 1010 950 810 870 727 855 839 1022 803 981 1074 1024 1001 962 1009 985 
955 1011 888 1149 1085 824 1080 1051 884 1058 1127 1092 945 1108 865 976 943 1061 770 949 917 1056 860 1045 1145 824 1059 1023 1066 1180 906 839 995 1059 1127 1037 874 975 885 894 864 899 794 1099 1031 1018 1004 1009 1097 1063 
1093 1214 1046 1297 1286 1017 1302 1279 990 1275 1283 1345 1174 1369 1250 1191 1185 1266 1034 1148 976 1335 1191 1342 1326 1026 1101 1148 1337 1389 1043 1142 1126 1343 1367 1330 1180 1191 1059 1079 930 1093 947 1273 1324 1247 1244 1203 1279 1296 
822 846 802 959 1045 751 989 980 874 1016 957 1055 884 1083 1073 827 897 1086 822 991 900 1136 895 1158 1088 802 927 843 978 1046 713 881 911 1006 1141 931 862 803 769 878 875 1079 795 1021 976 1133 930 974 877 1022 
828 992 802 1078 1054 791 1056 1138 938 1080 1116 1120 1019 1042 958 1036 957 1077 822 1061 809 1131 978 1085 1197 863 1120 1035 1033 1064 844 909 975 1057 1254 1062 909 899 746 925 866 927 887 1295 1091 1212 932 931 925 1185 

Execution Time : 0.003000 seconds
